cpu  124334 1739 1014952 966128 7590 11 2296 0 0 0
cpu0 60758 1021 394428 664211 5452 11 1763 0 0 0
cpu1 62192 673 617330 299315 2044 0 532 0 0 0
cpu2 724 28 2282 1363 46 0 0 0 0 0
cpu3 660 17 912 1239 48 0 1 0 0 0
intr 7121343 0 0 0 0 0 0 0 0 0 0 0 0 0 0 0 0 0 0 0 0 2790085 0 0 0 0 0 0 0 0 0 0 0 0 0 0 0 0 0 0 559433 0 0 0 0 0 0 0 60 0 0 0 0 0 0 0 0 0 15871 10 2 0 3 0 0 0 151377 0 0 0 0 0 0 0 0 0 0 720 0 0 0 0 2 73 2 2 0 0 0 0 2 0 0 0 0 0 0 0 0 0 0 0 0 0 0 36409 0 0 0 0 0 0 0 0 0 0 0 0 0 0 0 0 0 0 0 0 0 0 88360 279821 0 1363 5204 416 0 0 0 0 0 0 0 526 0 0 0 0 0 0 0 0 0 0 0 0 0 0 853754 0 0 0 0 0 0 0 0 0 0 242586 0 0 0 533 0 0 0 48 5 0 0 0 0 0 0 0 0 0 0 0 0 0 0 0 0 0 0 0 0 0 0 0 0 648125 0 0 9728 0 0 0 0 0 0 0 0 0 0 0 0 2 0 0 0 0 0 241 0 0 0 0 0 0 0 0 0 0 0 0 0 0 0 0 0 1432 0 0 0 0 0 0 0 0 0 0 0 0 2 0 0 0 0 0 0 0 0 0 0 0 0 0 0 0 0 1682 0 0 0 0 0 0 0 0 0 0 0 0 0 0 0 0 0 2 115 0 0 0 0 0 0 0 0 0 0 0 0 0 0 0 0 0 0 0 0 10 0 0 0 0 0 0 0 0 0 0 0 0 0 0 0 0 7 0 0 1260 87 76 0 0 0 0 0 0 0 0 0 0 0 0 0 0 0 0 0 0 0 0 0 0 0 0 0 0 0 0 0 0 0 0 0 0 0 0 0 0 0 0 0 0 0 0 0 0 0 0 0 0 0 0 0 0 0 0 0 0 0 0 0 0 0 0 0 0 0 0 0 0 0 0 0 0 0 0 0 0 0 0 0 0 0 0 0 0 0 0 0 0 0 0 0 0 0 0 0 0 1 1 0 0 0 0 0 0 0 0 0 0 0 0 0 0 0 0 0 0 0 0 0 0 0 0 0 0 0 0 0 0 1 1 0 0 0 0 0 0 0 0 0 0 0 0 0 0 0 0 0 0 0 0 0 0 0 0 0 0 0 0 0 0 0
ctxt 13241849
btime 519237
processes 51552
procs_running 4
procs_blocked 0
softirq 5311904 273 1430592 1410 432 269 269 463855 1435096 391 1979317
